95437
99301
95819
98682
98012
97006
97007
98052
97701
97229
98208
97045
97301
97124
99208
98115
98103
97206
97402
98391
99336
98225
98632
98270
97223
98105
98023
97702
98003
98387
97123
98118
98133
98042
98661
97504
98092
98902
97501
97401
97405
97080
98837
98223
97305
98226
98058
99205
98034
97202
98801
98125
97330
98501
97219
98204
98374
99362
97303
98087
97236
98036
97233
98503
98033
97478
97230
98122
98032
98059
97756
99206
97302
98030
98277
97030
98026
97128
98198
98006
98031
97477
98584
98604
98908
97222
97322
98290
98404
98004
97527
98203
97526
98038
98513
97266
98056
98117
97224
97211
99163
98155
98502
98366
97203
98926
97217
97404
98444
98011
98001
97267
98002
98168
98683
98258
98662
97213
98229
98144
97306
99337
98901
98607
99223
98445
98375
99352
97304
98499
98021
98802
98370
98312
98273
97471
98027
97086
98296
98037
94903
99207
98109
98512
93654
95117
97355
95682
95824
91731
94602
92405
92110
95834
98272
90302
92653
97008
95966
98367
91356
97071
94549
98201
98685
90028
93704
97132
91746
91324
97220
91792
94704
92081
97068
92694
91803
94585
94131
90039
95603
95212
98684
97603
93035
95134
96150
98007
95492
95219
98029
91384
98466
96080
98271
90041
92604
97502
93314
98382
93401
98338
98074
98498
94518
92316
97062
95204
92262
90038
95133
93105
95961
94062
94510
95829
90713
93901
90405
93280
95370
90710
91364
98311
97420
95363
90061
94598
98146
90017
91103
94559
98107
95618
94306
98116
98178
90270
97116
90035
91945
93725
92227
92614
95409
94002
92008
98284
90746
92868
97321
97035
91042
93960
90291
92629
97214
92860
94607
91755
94133
91741
91504
91724
91302
97212
98665
91932
90249
98372
90240
95242
91010
98373
91307
91301
97005
98119
97140
92284
92606
97838
94530
91411
97225
91784
95032
98531
98102
95503
90304
98106
90064
92532
98409
94803
94123
91740
94947
92832
98516
98008
94402
98040
95815
92411
91030
98335
94547
90602
91106
95677
98112
93933
97317
98248
95945
99216
94506
95003
97520
98188
91403
91737
97070
95367
90274
92211
91775
95354
92119
92651
98626
95054
98110
90303
98055
95215
90740
98520
93041
92011
97013
94619
98532
98362
98075
98597
92251
98072
95746
95776
90403
99354
95531
94609
94024
98126
98108
97015
98405
98944
95969
90292
92835
98664
93212
98406
95864
92344
91202
95501
97333
93907
91201
92602
96007
94085
92844
92277
94597
92782
98671
90404
94089
90732
95330
98028
97601
93610
98199
93203
90015
94030
92118
97060
92225
92108
90720
98292
93263
92354
95135
98053
95620
92663
98383
92585
94579
97338
98371
93560
94596
98221
94703
99224
90272
95818
92501
90603
90717
98422
90048
98166
98407
91101
98275
93444
95841
94706
98022
98043
99203
94127
98408
90068
95405
95521
95949
99202
98264
99004
93630
98177
95138
95827
92865
97058
98310
97801
93103
94019
91501
98686
95965
99403
92808
92377
99212
91011
94503
97754
91361
90715
90069
92106
95391
96130
92264
91040
94519
92887
98642
95110
93023
97470
95519
98433
90814
91602
94563
92603
